97 309
103.8978664319156 301.7598730199359
110.7957328638312 294.51974603987185
117.69359929574681 287.27961905980777
124.59146572766241 280.0394920797437
131.489332159578 272.7993650996796
129.8136270713647 262.9407641615477
124.17309725525145 254.6833781712032
120.87290073260641 245.24363755443193
128.1657590936742 238.4015459937026
135.458617454742 231.55945443297327
142.7514758158098 224.71736287224394
150.0443341768776 217.8752713115146
157.3371925379454 211.03317975078528
164.6300508990132 204.19108819005595
171.922909260081 197.34899662932662
165.03039704041856 190.103772319355
156.83391342040943 184.3751026424647
159.81155624810683 174.82870839171943
162.25011666031423 165.13059398138097
153.9682745971208 159.52603404858343
148.76267092700587 150.98778537396134
144.98548297726643 141.7285817801125
137.9561899676306 134.61598451999123
140.23372959518335 124.87879738792239
140.23372959518335 124.87879738792239
142.22255691018609 125.10513613267366
152.15842120303523 126.23588842830942
162.09428549588438 127.36664072394517
172.03014978873352 128.49739301958093
181.96601408158267 129.62814531521667
191.90187837443182 130.75889761085242
197.07783456438827 122.20264390261939
206.441640028861 118.69277962839018
215.80544549333374 115.18291535416098
224.63119949095935 119.88462423215373
234.14081246500325 122.97772317720799
242.95149059779786 127.70762284213691
249.87281588118304 120.48991847567989
254.96324894005596 111.88250938390705
261.56944190050126 104.37529854569537
271.4216525138067 102.6624220086759
279.3472520957736 96.56448208880742
289.31139771656694 97.4105329428498
299.3110872752412 97.489328438541
308.2338855791492 92.97450059821567
317.6733719764252 96.27542418952194
325.15381064423406 89.63893134034704
332.6342493120429 83.00243849117214
340.1146879798518 76.36594564199724
347.6987970386566 69.84817840281518
345.5857543948359 60.073975070297735
349.6378517055823 50.931737522287875
352.1021335680844 41.24012698006409
359 34
