359 34
352.472033275419 41.57533170513101
352.6279718191735 51.574115789737085
342.6693075591882 52.48241428521737
332.71064329920296 53.390712780697655
328.304024381643 62.36744435267877
318.323474762731 62.990845751807434
308.3702015686024 63.9564298874689
298.4169283744738 64.92201402313036
288.4636551803452 65.88759815879182
278.5103819862166 66.85318229445329
268.557108792088 67.81876643011475
258.6038355979594 68.78435056577621
248.6505624038308 69.74993470143768
238.6972892097022 70.71551883709914
240.03131901057284 80.62613761144361
237.23111490010405 90.2260780768691
237.23111490010405 90.2260780768691
238.68186346690212 98.09456010439636
240.49504873484202 107.92880431450858
242.30823400278192 117.7630485246208
232.59187494396113 120.12786704621425
222.87551588514035 122.4926855678077
213.15915682631956 124.85750408940115
203.44279776749877 127.2223226109946
193.726438708678 129.58714113258804
184.02613954388463 132.01699629566033
176.17620076240092 125.82196109584443
166.17976966619074 125.55481817768631
156.37121651733088 123.60743913754256
156.52291508973082 113.60858982659023
155.88781719414644 103.62877767089189
153.5383987382991 93.90868338537574
143.61302797695978 95.12811573280251
134.1906094285595 98.47744830792288
124.3121242378131 100.03164595822479
115.39894313962347 95.49786136796521
107.28968545071598 89.6463709821836
97.57971845078004 92.03729985192338
93.68017241287676 82.82895902969743
89.55655705384206 73.71875615760214
79.63046421153504 74.93229679800179
69.70437136922803 76.14583743840143
59.77827852692102 77.35937807880107
49.852185684614014 78.57291871920071
39.92609284230701 79.78645935960036
30 81
